For the filtered sine wave :

17152
16000
14208
12432
9640
6920
4472
2712
-336
-3312
-6104
-8792
-10624
-12136
-14304
-15504
-15608
-14456
-12664
-10888
-8096
-5376
-2928
-1168
1880
4856
7648
10336
12168
13680
15848
17048
17152
16000
14208
12432
9640
6920
4472
2712
-336
-3312
-6104
-8792
-10624
-12136
-14304
-15504
-15608
-14456
-12664
-10888
-8096
-5376
-2928
-1168
1880
4856
7648
10336
12168
13680
15848
17048
17152
16000
14208
12432
9640
6920
4472
2712
-336
-3312
-6104
-8792
-10624
-12136
-14304
-15504
-15608
-14456
-12664
-10888
-8096
-5376
-2928
-1168
1880
4856
7648
10336
12168
13680
15848
17048
17152
16000
14208
12432
9640
6920
4472
2712
-336
-3312
-6104
-8792
-10624
-12136
-14304
-15504
-15608
-14456
-12664
-10888
-8096
-5376
-2928
-1168
1880
4856
7648
10336
12168
13680
15848
17048

For the original sine wave to verify working of the plotter

-4608
-1728
-10816
-6336
-16384
-9152
-16000
-8704
-9472
-6016
-10816
-10368
-6528
-2624
-2880
-1280
3968
-320
13504
9600
11648
12352
9088
14976
8768
11904
16192
12736
3712
4608
6208
1280
-4608
-1728
-10816
-6336
-16384
-9152
-16000
-8704
-9472
-6016
-10816
-10368
-6528
-2624
-2880
-1280
3968
-320
13504
9600
11648
12352
9088
14976
8768
11904
16192
12736
3712
4608
6208
1280
-4608
-1728
-10816
-6336
-16384
-9152
-16000
-8704
-9472
-6016
-10816
-10368
-6528
-2624
-2880
-1280
3968
-320
13504
9600
11648
12352
9088
14976
8768
11904
16192
12736
3712
4608
6208
1280
-4608
-1728
-10816
-6336
-16384
-9152
-16000
-8704
-9472
-6016
-10816
-10368
-6528
-2624
-2880
-1280
3968
-320
13504
9600
11648
12352
9088
14976
8768
11904
16192
12736
3712
4608
6208
1280
