1111111110111010 
0000000000010101 
0000000000110110 
0000000000100101 
0000000011010001 
0000000001010001 
0000000010110101 
0000000100000000 
0000000010000101 
0000000011101001 
0000000011100000 
0000000001111100 
0000000010100011 
0000000001111010 
0000000001001101 
0000000000101001 
0000000000001010 
1111111110111111 
1111111111101101 
1111111111001011 
1111111111000010 
1111111110000101 
1111111100101000 
1111111101111111 
1111111100100110 
1111111100110101 
1111111100101011 
1111111100111110 
1111111110110101 
1111111111010000 
1111111111001011 
0000000000010000 
